0,1	2
0,10	3
0,12	11
0,13	2
0,14	2
0,15	3
0,16	8
0,17	4
0,18	4
0,19	3
0,20	2
0,21	4
0,22	1
0,24	5
0,26	1
0,27	3
0,28	7
0,29	3
0,3	3
0,30	5
0,32	2
0,36	2
0,37	1
0,38	8
0,39	1
0,4	9
0,40	1
0,41	2
0,43	2
0,46	2
0,5	2
0,50	1
0,52	3
0,53	5
0,55	2
0,56	1
0,57	3
0,58	5
0,59	3
0,6	1
0,60	3
0,61	1
0,63	2
0,64	1
0,67	2
0,72	2
0,74	1
0,77	1
0,8	6
0,80	2
0,83	7
0,84	1
0,85	5
0,89	5
0,90	1
0,91	1
0,92	1
1,12846	2
1,135	1
1,13840	2
1,13845	2
1,14005	6
1,17636	4
1,19217	1
1,20	12
1,20074	2
1,20075	6
1,21556	7
1,22939	4
1,23520	2
1,2409	1
1,27536	7
1,28193	1
1,29481	1
1,29724	2
1,29767	2
1,29791	1
1,30257	3
1,30691	2
1,31232	5
1,32317	1
1,32489	1
1,33060	1
1,34250	3
1,34280	2
1,34392	2
1,34394	1
1,34406	3
1,34418	2
1,34420	1
1,34450	1
1,35589	2
1,35605	5
1,35606	6
1,35613	10
1,35633	10
1,35678	6
1,38737	4
1,43447	4
1,44846	3
1,44887	4
1,49226	5
1,49985	5
1,5	6
1,623	1
1,629	2
1,8715	1
1,8932	6
10,12	3
10,16	4
10,29581	1
10,30	3
10,35477	2
100,137	2
100,146	4
100,25720	2
100,25730	3
100,25740	3
100,95	2
1000,11818	2
1000,16478	1
1000,24655	1
1000,27567	1
1000,33277	2
1000,38691	3
1000,934	1
1000,961	1
10000,10008	21
10000,10010	10
10000,10021	19
10000,10026	20
10000,10030	5
10000,10040	12
10000,10046	2
10000,10058	14
10000,10070	12
10000,10093	14
10000,10096	27
10000,10097	33
10000,10101	12
10000,10103	19
10000,10114	26
10000,10123	17
10000,10133	9
10000,10135	13
10000,36667	12
10000,36669	32
10000,36671	9
10000,36672	9
10000,36674	9
10000,36675	21
10000,36676	10
10000,36677	10
10000,36678	9
10000,36679	31
10000,36683	19
10000,36688	13
10000,36693	13
10000,36695	7
10000,36698	5
10000,36703	18
10000,36707	23
10000,36735	14
10000,36738	15
10000,36764	10
10000,36784	12
10000,36788	6
10000,36806	8
10000,36841	4
10000,36905	31
10000,36908	16
10000,36924	4
10000,36952	18
10000,36985	8
10000,37035	16
10000,37053	3
10000,37056	7
10000,37069	9
10000,37135	20
10000,37156	17
10000,37179	9
10000,37196	4
10000,37197	15
10000,37225	7
10000,37308	1
10000,37779	8
10000,37812	11
10000,39309	2
10000,39310	6
10000,44050	25
10000,44053	17
10000,44054	6
10000,44055	12
10000,44059	13
10000,44063	13
10000,44066	8
10000,44187	1
10000,44189	10
10000,44210	3
10000,9995	10
10001,10025	3
10001,10062	1
10001,10108	1
10001,10116	3
10001,10148	1
10001,23285	2
10001,36685	3
10001,36698	2
10001,37356	3
10001,37374	1
10001,37448	5
10001,37580	3
10001,37597	3
10001,37675	1
10001,37701	2
10001,37734	1
10001,37735	1
10001,37822	1
10001,39370	2
10001,40747	1
10001,41233	5
10001,41845	1
10001,44059	2
10001,44074	6
10001,44198	3
10001,87	4
10001,9995	3
10002,10007	2
10002,10028	25
10002,10050	4
10002,10055	14
10002,10058	17
10002,10062	3
10002,10063	6
10002,10072	8
10002,10088	3
10002,10090	3
10002,10117	5
10002,18963	35
10002,23255	4
10002,23270	2
10002,24343	5
10002,30220	8
10002,33497	1
10002,34592	1
10002,34644	3
10002,35179	23
10002,36672	8
10002,36674	11
10002,36685	9
10002,36687	28
10002,36688	14
10002,36694	5
10002,36698	10
10002,36699	4
10002,36703	12
10002,36708	19
10002,36711	7
10002,36732	3
10002,36735	10
10002,36741	11
10002,36757	1
10002,36763	15
10002,36764	13
10002,36775	15
10002,36781	1
10002,36794	3
10002,36800	10
10002,36808	12
10002,36813	15
10002,36818	6
10002,36822	6
10002,36847	2
10002,36850	2
10002,36884	4
10002,36913	2
10002,36917	2
10002,36955	6
10002,36968	7
10002,36988	20
10002,36989	7
10002,36996	7
10002,37001	10
10002,37011	7
10002,37018	12
10002,37030	8
10002,37041	13
10002,37043	5
10002,37047	12
10002,37063	4
10002,37109	1
10002,37128	2
10002,37133	4
10002,37150	15
10002,37177	12
10002,37180	3
10002,37181	10
10002,37194	4
10002,37195	5
10002,37197	29
10002,37199	11
10002,37200	1
10002,37201	2
10002,37202	1
10002,37204	6
10002,37207	7
10002,37210	1
10002,37215	9
10002,37216	1
10002,37221	6
10002,37224	3
10002,37225	7
10002,37226	2
10002,37228	4
10002,37229	3
10002,37230	4
10002,37233	4
10002,37242	15
10002,44057	34
10002,44079	37
10002,44121	15
10002,8686	16
10002,9995	10
10004,10070	1
10004,9995	1
10006,10026	5
10006,10030	3
10006,10071	4
10006,10074	3
10006,10075	5
10006,36680	4
10006,36815	1
10006,36838	1
10006,36899	3
10006,36937	1
10006,37051	2
10006,37140	2
10006,37147	2
10006,37156	3
10006,37189	1
10006,37201	1
10006,37314	1
10006,37447	1
10006,41940	3
10006,44103	1
10006,9995	5
10007,10029	5
10007,10035	4
10007,19365	2
10007,25187	1
10007,36737	1
10007,36798	2
10007,36950	2
10007,37188	3
10007,37522	3
10007,39233	3
10007,39295	1
10007,39358	2
10007,39363	1
10007,39369	2
10007,40748	1
10007,8686	2
10007,9995	3
10008,10070	5
10008,10096	15
10008,10097	15
10008,29508	2
10008,36669	19
10008,36675	21
10008,36676	7
10008,36677	11
10008,36679	22
10008,36680	10
10008,36693	16
10008,36698	8
10008,36700	11
10008,36701	12
10008,36707	19
10008,36717	14
10008,36738	12
10008,36777	14
10008,36789	3
10008,36807	2
10008,36815	11
10008,36816	9
10008,36832	11
10008,36864	1
10008,36870	8
10008,36887	6
10008,36905	13
10008,36912	10
10008,36934	1
10008,36954	5
10008,37179	8
10008,37188	8
10008,37199	6
10008,37201	3
10008,37204	4
10008,37213	5
10008,37218	8
10008,37303	2
10008,37394	1
10008,37442	4
10008,37467	7
10008,37496	7
10008,37520	1
10008,37779	7
10008,37812	5
10008,44050	16
10008,44053	15
10008,44059	10
10008,44082	1
10008,44087	2
10008,44094	3
10008,44187	1